  6.0506   2.7333  -2.2626   1.2031   0.5092  -0.1633
  5.9320   2.7547  -2.4081   1.1651   0.4340  -0.1895
  5.8851   2.8188  -2.2964   1.1983   0.4201  -0.3049
  5.8855   2.8988  -2.3625   1.1367   0.4380  -0.2646
  5.8206   2.9544  -2.3142   1.0335   0.3434  -0.2939
  5.5044   2.3914  -2.3352   0.7775   0.1912  -0.0527
  4.9355   1.5525  -2.1063   0.3744  -0.1391  -0.0082
  5.0031   2.6264  -2.2997   0.4384   0.0348  -0.5861
  5.0803   2.5624  -2.3042   1.3178   0.1136  -0.3084
  5.2074   2.2946  -2.3687   1.1954   0.1341  -0.1394
  5.2452   2.3812  -2.3400   1.4043   0.0917  -0.0812
  5.2872   2.1858  -2.3764   1.2900   0.0968  -0.0564
  5.3692   2.1937  -2.3272   1.6143   0.1190   0.0915
  5.4662   1.9905  -2.4093   1.5250   0.1247   0.0254
  5.5535   2.1291  -2.3791   1.5914   0.1356   0.1622
  5.6641   2.0032  -2.3846   1.3958   0.1953  -0.0251
  5.7537   2.2525  -2.3772   1.3745   0.2342   0.0785
  5.7601   2.1884  -2.4170   1.2099   0.1945  -0.2187
  5.8437   2.1142  -2.4592   1.4738   0.1868   0.0773
  5.8182   2.3337  -2.3360   1.2226   0.2781  -0.1112
  5.7650   2.8614  -2.3184   0.6834   0.3596  -0.2747
  5.6767   2.9471  -2.2157   0.2196   0.3455  -0.9514
  5.7828   3.3388  -2.0923  -0.8753   0.2489  -2.0059
  5.7305   3.2904  -2.0951  -0.4423   0.1768  -2.1604
  5.7363   3.3412  -2.0662  -0.6362   0.1271  -2.0839
  5.6779   3.3040  -2.0302  -0.2461   0.0486  -2.0772
  5.7361   3.4239  -2.0381  -0.4206   0.0451  -2.0072
  5.8288   3.4468  -1.9659  -0.2907   0.1065  -2.1236
  5.8497   3.5347  -1.9561  -0.4114   0.1034  -2.0986
  5.9415   3.4181  -1.8667  -0.4495   0.1552  -2.1027
  5.9568   3.7535  -1.8387  -0.4029   0.2398  -2.1871
  5.6712   3.8503  -1.8511  -0.2943   0.2236  -2.2802
  5.7358   3.8568  -1.8331  -0.3931   0.2753  -2.1695
  5.7576   3.8636  -1.7284  -0.0615   0.2845  -2.2832
  5.8097   3.7032  -1.7246  -0.1910   0.2945  -2.0556
  5.8913   3.6924  -1.5733  -0.0734   0.3662  -2.0904
  5.8703   3.7006  -1.5916  -0.1135   0.3408  -1.9896
  5.8772   3.7767  -1.4806  -0.1184   0.4130  -2.0487
  5.9458   3.7328  -1.4853  -0.0711   0.4986  -2.0305
  5.9552   3.7339  -1.3880  -0.1169   0.5066  -2.0136
  5.8468   3.7548  -1.3999   0.0521   0.5231  -1.9802
  5.8184   3.9108  -1.3647  -0.0544   0.4967  -2.0167
  5.8591   3.9098  -1.4177  -0.0753   0.5413  -2.0521
  5.8030   3.8860  -1.3506  -0.0616   0.4887  -2.0173
  5.7142   3.7575  -1.4054  -0.1165   0.4524  -1.9181
  5.6727   3.7683  -1.3359   0.0612   0.4311  -1.9070
  5.6084   3.9047  -1.3984   0.2185   0.4742  -2.0745
  5.5970   4.0019  -1.3446  -0.1157   0.4044  -1.8843
  5.5575   4.0362  -1.3585   0.2750   0.5137  -2.1266
  5.6005   4.0251  -1.3558  -0.0536   0.4506  -1.9061
  5.6612   4.0929  -1.3317  -0.1308   0.4935  -1.9960
  5.6405   4.1600  -1.2803  -0.0684   0.4934  -2.0967
  5.6489   4.1378  -1.2782  -0.1380   0.5808  -2.0363
  5.6365   4.1810  -1.2715   0.0166   0.5270  -2.0946
  5.6626   4.1056  -1.2821  -0.0799   0.5624  -2.1329
  5.6493   4.1374  -1.2583  -0.0057   0.5246  -2.0894
  5.7189   4.1292  -1.2778  -0.0762   0.6061  -2.0937
  5.6580   4.1868  -1.2606  -0.0250   0.5253  -2.0724
  5.6139   4.1254  -1.2445   0.1530   0.5766  -2.1029
  5.5949   4.1781  -1.2240   0.1105   0.5159  -1.9839
  5.6590   4.1527  -1.2175   0.0900   0.6112  -2.0894
  5.5788   4.1318  -1.2136   0.1904   0.5015  -1.9577
  5.5657   4.1046  -1.2405  -0.0327   0.5121  -1.9472
  5.5825   4.1017  -1.1859   0.2058   0.5001  -1.9295
  5.6252   4.0235  -1.2063   0.0991   0.5720  -1.9301
  5.6229   4.1326  -1.2002   0.1915   0.5237  -1.8240
  5.6167   4.0709  -1.2140   0.0793   0.5179  -1.9342
  5.6637   4.1914  -1.2546   0.0313   0.5506  -1.8646
  5.6742   4.0700  -1.1783   0.0037   0.5782  -1.9841
  5.6860   4.1696  -1.2527   0.1634   0.5841  -1.8983
  5.6283   4.1455  -1.1973  -0.0398   0.5235  -1.9195
  5.5997   4.2474  -1.2293   0.0199   0.5272  -1.9812
  5.5812   4.1646  -1.1129   0.0061   0.5554  -1.9657
  5.5485   4.3905  -1.1704   0.0618   0.5914  -2.0876
  5.5772   4.3341  -1.1421   0.1544   0.5714  -2.1217
  5.6472   4.2978  -1.1848   0.0327   0.5702  -1.8986
  5.6138   4.3276  -1.0912   0.1143   0.5486  -2.1009
  5.7129   4.2676  -1.1405   0.0616   0.6496  -2.0142
  5.6991   4.4464  -1.1167  -0.0043   0.5666  -2.0754
  5.7459   4.6365  -1.1792  -0.1078   0.6060  -2.2689
  5.7649   4.6292  -1.0697  -0.1780   0.6362  -2.2015
  5.7220   4.5361  -1.1435   0.1206   0.6375  -2.2749
  5.6919   4.5514  -1.0990  -0.1028   0.5620  -2.0671
  5.6249   4.6326  -1.1587   0.0968   0.5871  -2.3132
  5.7263   4.6646  -1.0913  -0.1437   0.6163  -2.1342
  5.6866   4.6166  -1.1210   0.1177   0.6376  -2.3151
  5.7109   4.6632  -1.1046  -0.2172   0.6108  -2.1516
  5.6161   4.6276  -1.1353   0.1748   0.6337  -2.3354
  5.6302   4.5566  -1.0985  -0.0691   0.5953  -2.0621
  5.5324   4.4678  -1.2047   0.1718   0.5346  -2.2580
  5.3424   4.5066  -1.2538  -0.0432   0.3957  -2.0157
  5.2494   4.4237  -1.2523   0.1277   0.4001  -2.2411
  5.2746   4.3658  -1.2797  -0.0087   0.3850  -2.0076
  5.2200   4.3921  -1.2878   0.0692   0.3660  -2.2043
  5.2493   4.4004  -1.3141  -0.0959   0.3756  -2.0431
  5.2393   4.4623  -1.3019  -0.0585   0.3583  -2.2374
  5.2630   4.3745  -1.2505   0.0801   0.4606  -2.0888
  6.4294   4.3027  -1.2899  -0.1986   0.3415  -2.0418
  5.6843   3.2841  -1.9027  -0.1737  -0.0746  -1.7361
  5.5143   3.3996  -1.6556   0.2159   0.0824  -1.3910
  5.5649   3.5752  -1.5800   0.1806   0.1037  -1.6100
  5.2596   3.5356  -1.5214   0.1752   0.2115  -1.0984
  2.3333  -0.0093  -0.0743   1.4880   0.1833   3.8360
  0.1589 -15.4116   1.3631   4.5446  -0.4458  19.8088
 -5.0949 -15.8132   4.0177   6.6360   0.5870  21.1002
-12.1966  -9.6387   4.5398   6.6724  -1.6477  16.1698
 -3.4694 -11.4957   0.2383   4.0741  -3.8932  11.5387
 -3.1124  -6.4270   0.2272   1.4557  -1.8552   5.6197
 -1.5388  -4.3780   0.8249   1.5744   0.2297   3.3623
 -2.6491  -4.7088   1.4688   1.7973   0.1001   4.1718
 -2.9354  -4.6074   1.6486   2.1954   0.3272   4.2219
 -1.8588  -4.9640   1.5538   2.0465   0.6947   4.4673
 -2.0491  -4.8070   1.4438   2.1211   0.6863   4.2061
 -1.9407  -4.6088   1.4570   1.9181   0.6862   4.2873
 -2.1227  -4.1524   1.4149   1.8825   0.5847   4.0090
 -2.1607  -4.1669   1.4318   1.8646   0.5281   4.0750
 -2.2146  -4.2630   1.4855   2.0066   0.6048   4.1633
 -2.1900  -4.1805   1.4557   1.9339   0.5569   4.2493
 -2.2019  -4.1237   1.4480   2.2093   0.7251   4.1589
 -1.9577  -4.2840   1.4269   2.3218   0.7842   4.4591
 -1.8535  -4.3624   1.4127   2.5411   0.8815   4.4874
 -1.7616  -4.3177   1.4289   2.4799   0.9054   4.6125
 -1.6923  -4.2836   1.4439   2.6356   0.9824   4.5092
 -1.6527  -4.3071   1.4257   2.6678   0.9636   4.7375
 -1.6044  -4.4258   1.4617   2.7708   0.9889   4.7494
 -1.5731  -4.3350   1.4132   2.7163   0.9828   4.8199
 -1.5908  -4.2695   1.3818   2.8495   0.9423   4.7180
 -1.4863  -4.2878   1.4289   2.7967   1.0315   4.8124
 -1.4652  -4.2995   1.4504   2.8351   1.0458   4.7586
 -1.4593  -4.0286   1.4812   2.8396   1.0639   4.7370
 -1.5325  -3.9533   1.4511   2.8415   1.0940   4.6671
 -1.5247  -3.9602   1.4016   2.6922   1.0822   4.6971
 -1.6295  -3.9902   1.3366   2.7182   0.8838   4.5743
 -1.6233  -3.9525   1.2863   2.5316   0.8679   4.5092
 -1.6577  -3.8523   1.2300   2.8198   0.9585   4.4061
 -1.7052  -3.7767   1.2185   2.3518   0.8946   4.4863
 -1.7060  -3.8398   1.2488   2.6520   0.9596   4.3228
 -1.6555  -3.8067   1.3228   2.4014   0.9520   4.4084
 -1.6894  -3.8196   1.3413   2.6244   1.1088   4.3259
 -1.6943  -3.7257   1.2882   2.4779   1.0109   4.4384
 -1.8045  -3.7321   1.4271   2.6520   1.1016   4.3375
 -1.8425  -3.6524   1.3671   2.5288   1.0308   4.4983
 -1.7419  -3.6732   1.4056   2.7205   1.1539   4.4005
 -1.6049  -3.3419   1.3319   2.1427   1.0076   3.9157
  1.5669  -1.3585   0.5304   0.6675   0.4904   0.5749
  0.6909  -1.1858   0.1813  -0.2830  -0.1867  -0.0508
 -0.9268  -2.2239   0.4584   1.0762   0.1155   1.3854
 -0.9464  -1.8215   0.6738   0.7238   0.2419   1.4192
 -1.0281  -2.0766   0.7173   1.2265   0.3625   1.5897
 -1.1382  -2.1390   0.6931   0.6206   0.1946   1.7366
 -1.2966  -1.8848   0.8586   0.2643   0.1352   1.4693
 -1.5205  -2.1738   0.8451   0.7353   0.0027   1.3469
 -1.8026  -2.3093   0.9886   0.2157  -0.1229   1.5058
 -1.8213  -2.2363   0.9804   0.8201  -0.0159   1.6305
 -1.6419  -2.3918   0.9280   0.9145   0.0909   1.9057
 -1.6599  -2.2636   0.8860   0.6485   0.0413   1.7419
 -1.5630  -1.5737   0.9520   0.2941   0.0511   1.2524
 -1.5827  -1.4227   0.9891   0.0103   0.0483   1.1152
 -1.6437  -1.4777   0.9676   0.2257  -0.0204   1.1552
 -1.6718  -1.5713   0.9944   0.0920  -0.0215   1.1595
 -1.7060  -1.5068   0.9463   0.3247  -0.0556   1.2470
 -1.6961  -1.4592   0.9760   0.3017  -0.0236   1.1483
 -1.6461  -1.4205   0.9171   0.1222  -0.1424   1.0805
 -1.7505  -1.6025   0.9499   0.2057  -0.1693   1.0373
 -1.7048  -1.4996   0.9982   0.0793  -0.1240   1.1340
 -1.7896  -1.5760   0.9681   0.2849  -0.1410   0.9923
 -1.7549  -1.6151   0.9866   0.1376  -0.1455   1.2640
 -1.7189  -1.7571   0.8681   0.6454  -0.0576   1.1167
 -1.2565  -1.5093   0.7222   0.4662  -0.0940   1.5024
  1.0601  -1.3984  -0.8806   0.9859   0.1374   0.5968
  0.7087  -2.6899  -0.7270  -1.1460  -0.4998   0.4148
  0.1676  -2.3737  -0.4765  -0.6303  -0.5810   0.2548
 -0.0398  -2.5544  -0.3989  -0.3921  -0.6550   0.3065
 -0.0261  -2.2388  -0.4038  -0.5228  -0.6457   0.4621
 -0.1349  -2.4154  -0.3875  -0.5108  -0.7239   0.4889
 -0.0335  -2.3104  -0.3280  -0.4186  -0.5755   0.5513
 -0.0569  -2.5465  -0.2723  -0.3533  -0.5732   0.5138
 -0.1588  -2.2573  -0.2013  -0.3348  -0.5329   0.6326
 -0.4488  -1.9117  -0.0075  -0.1405  -0.4921   0.4712
 -0.4764  -0.9714  -0.2868  -0.6003  -0.5319   0.2071
 -0.4598  -0.4468  -0.3874  -0.9225  -0.5378  -0.5821
 -0.3696  -0.6113  -0.6437  -1.5079  -0.5401  -0.5286
 -0.3985  -0.2281  -0.5687  -1.3347  -0.5606  -0.9380
 -0.3317  -0.3599  -0.4783  -1.5364  -0.6020  -0.7123
 -0.4159  -0.2285  -0.3359  -1.1215  -0.5415  -0.8496
 -0.4628  -0.2644  -0.1753  -1.2362  -0.5111  -0.5122
 -0.5467  -0.2595  -0.1675  -0.8853  -0.4763  -0.5737
 -0.4754  -0.3871  -0.1812  -1.2360  -0.4649  -0.4425
 -0.4683  -0.1961  -0.1311  -0.9525  -0.3963  -0.6657
 -0.4104  -0.4509  -0.1565  -1.2376  -0.4436  -0.4571
 -0.4057  -0.3489  -0.1060  -0.9777  -0.3924  -0.6048
 -0.3702  -0.2631  -0.1149  -1.3488  -0.3290  -0.5260
 -0.4717  -0.2635  -0.0402  -1.0590  -0.3163  -0.5549
 -0.4446  -0.3844   0.0503  -0.9325  -0.1730  -0.4812
 -0.5530  -0.2216   0.0030  -1.0606  -0.2952  -0.2640
 -0.5455  -0.2207   0.1038  -1.0072  -0.2084  -0.4796
 -0.5631  -0.1913   0.1229  -1.1381  -0.2369  -0.3763
 -0.5367  -0.1283   0.1203  -1.0719  -0.1707  -0.6141
 -0.5237  -0.0809   0.0861  -1.1313  -0.2024  -0.4592
 -0.4529  -0.1423   0.1990  -0.9971  -0.1460  -0.5809
 -0.4010  -0.0856   0.1883  -1.0408  -0.1447  -0.4911
 -0.4118  -0.1168   0.2531  -1.0207  -0.1481  -0.5663
 -0.4522  -0.1162   0.2472  -1.1512  -0.2187  -0.5808
 -0.4915  -0.1883   0.2637  -0.9547  -0.2065  -0.6088
 -0.4676  -0.0146   0.2371  -1.1613  -0.1757  -0.4973
 -0.3521  -0.0239   0.2408  -0.7590  -0.0460  -0.7260
 -0.3702  -0.1457   0.2384  -1.0718  -0.1103  -0.3982
 -0.3214  -0.1212   0.2674  -1.0268  -0.0018  -0.5834
 -0.3816  -0.1404   0.2517  -1.0626  -0.0986  -0.4586
 -0.3674  -0.1016   0.3278  -1.0131  -0.0187  -0.5819
 -0.2731  -0.0786   0.3235  -1.0427   0.0161  -0.5068
 -0.2959  -0.0549   0.3611  -1.0602   0.0169  -0.6096
 -0.2584  -0.0521   0.3023  -1.0639   0.0355  -0.5293
 -0.1844  -0.0411   0.4214  -1.1620   0.0795  -0.6174
 -0.2232  -0.0749   0.3087  -1.1122   0.0316  -0.5335
 -0.2541  -0.0301   0.4100  -1.1265   0.0500  -0.5547
 -0.2835   0.1047   0.3842  -0.9737   0.0993  -0.5943
 -0.3898   0.0729   0.4468  -1.1186   0.0124  -0.4867
 -0.3671  -0.0740   0.3632  -0.8225   0.0940  -0.5270
 -0.5845  -0.3693   0.4446  -0.9563   0.0363  -0.1371
 -0.5583  -0.2149   0.4021  -0.9833   0.0728  -0.2406
 -0.6003  -0.2415   0.4484  -1.0208   0.0579  -0.2496
 -0.5993  -0.1319   0.4137  -0.9651   0.0898  -0.2818
 -0.6722  -0.1672   0.3897  -0.9209   0.0286  -0.2398
 -0.6820  -0.1755   0.3417  -0.9615   0.0165  -0.1436
 -0.7473  -0.1687   0.3492  -0.8579  -0.0293  -0.2034
 -0.7073  -0.2109   0.3111  -0.9744   0.0156  -0.1547
 -0.7486  -0.1737   0.3141  -0.8196  -0.0352  -0.1944
 -0.7041  -0.1591   0.2966  -0.9206   0.0115  -0.1927
 -0.6472  -0.1310   0.3045  -0.8599   0.0295  -0.1658
 -0.6482  -0.1433   0.3004  -0.9124   0.0561  -0.2208
 -0.6650  -0.1891   0.3287  -0.8499   0.0271  -0.1393
 -0.7291  -0.0362   0.3438  -0.8434   0.0522  -0.2454
 -0.7624  -0.1037   0.2859  -0.9408  -0.0674  -0.1620
 -0.7227  -0.0744   0.2617  -0.8783   0.0118  -0.3005
 -0.7352  -0.0105   0.2912  -0.9822  -0.0214  -0.1967
 -0.6513  -0.0204   0.2666  -1.0812   0.0136  -0.3777
 -0.6612   0.0265   0.2957  -0.9755   0.0143  -0.2194
 -0.7125  -0.1239   0.3357  -0.8618   0.0622  -0.2884
 -0.7373  -0.0459   0.2966  -0.8891  -0.0162  -0.0782
 -0.7653   0.1174   0.3330  -0.9186   0.0454  -0.3724
 -0.7447   0.0870   0.3334  -0.8934   0.0056  -0.1673
 -0.7762   0.0615   0.3939  -0.8287   0.1055  -0.3375
 -0.5772   0.1553   0.3256  -0.9837   0.0603  -0.2234
  0.7432  -0.1170  -0.6895  -1.3138  -1.0332  -0.4097
  0.1132   0.1747  -0.7326  -2.0252  -0.6035  -1.0645
 -0.2752   0.3771  -0.8153  -1.8612  -0.7357  -1.3097
 -0.4314   0.3417  -0.6889  -1.8997  -0.7028  -0.9463
 -0.3775   0.5926  -0.4320  -1.6587  -0.5262  -1.0943
 -0.4174   0.5464  -0.4185  -1.9122  -0.4949  -0.9177
 -0.3740   0.5469  -0.2415  -1.6976  -0.4167  -1.1865
 -0.3615  -0.4060  -0.1302   0.2720  -0.2992  -1.7890
 -0.4310  -1.2266   0.0315   1.3585  -0.1192  -1.2724
 -0.7729  -0.9034  -0.1589   0.9445  -0.3449  -0.7221
 -0.8794  -0.4686  -0.1303   0.3441  -0.3895  -0.5232
 -0.7558  -0.3479  -0.0783   0.2924  -0.1233  -0.6297
 -0.7435  -0.2015  -0.0328  -0.1804  -0.1430  -0.5315
 -0.7806  -0.1900  -0.0649   0.0366  -0.0888  -0.7703
 -0.7326  -0.1330  -0.0587  -0.2109  -0.0834  -0.5966
 -0.7543  -0.1554  -0.0521  -0.0070  -0.0341  -0.7153
 -0.6979  -0.1970  -0.0062  -0.1260  -0.0140  -0.6356
 -0.7060  -0.1588   0.0059   0.1346   0.0445  -0.6623
 -0.7184  -0.1636   0.0945  -0.0913   0.0338  -0.5314
 -0.8080  -0.2554   0.0668   0.2597   0.0425  -0.5732
 -0.7374  -0.1631   0.1136  -0.0442   0.0779  -0.4628
 -0.8157  -0.0277   0.0915   0.2573   0.1019  -0.6444
 -0.7412  -0.0726   0.1516  -0.0174   0.1266  -0.4758
 -0.6347  -0.0764   0.1672   0.5559   0.2851  -0.6180
 -0.6427  -0.1576   0.1642   0.2514   0.2154  -0.3903
 -0.5708   0.0419   0.1540   0.2930   0.2982  -0.5753
 -0.6558   0.0123   0.2120  -0.0560   0.2340  -0.4189
 -0.0268  -0.0197   0.0199   0.3136   0.6733  -0.9850
 -0.3356  -0.0294   0.0381  -0.1929   0.3728  -0.7323
 -0.4676   0.1678   0.0718  -0.0099   0.4052  -0.7833
 -0.4025   0.1173   0.1280  -0.1083   0.4299  -0.7532
 -0.4084   0.2152   0.1383  -0.1436   0.5239  -0.7134
 -0.4456   0.1766   0.2281  -0.1040   0.4787  -0.7429
 -0.5642   0.1690   0.1013  -0.3452   0.4276  -0.6025
 -0.4931   0.1165   0.5763  -1.0906  -0.2471  -1.0032
 -0.9966  -0.0356   0.8164  -0.9804  -0.4871  -1.1597
 -1.5665   0.0420   0.9091  -0.9348  -0.6243  -0.8573
 -1.7021  -0.0288   0.6579  -0.3786  -0.4934  -0.7074
 -2.1682  -0.1102   0.6196  -0.7654  -0.8063  -0.2196
 -2.3843  -0.1330   0.4640  -0.2365  -0.8154  -0.1935
 -2.5122  -0.1650   0.1265  -0.8938  -0.8511  -0.1152
 -1.9613   0.3094   0.1339  -1.0196  -0.5495  -0.6379
 -1.9545   0.0943   0.1901  -0.7064  -0.4566  -0.5233
 -1.8449   0.1201   0.2216  -0.7038  -0.3748  -0.4813
 -1.8971   0.1673   0.1887  -0.6160  -0.3600  -0.4484
 -1.7242   0.3066   0.2177  -0.8530  -0.2562  -0.4524
 -1.7794   0.1294   0.2345  -0.5591  -0.2498  -0.4602
 -1.7419   0.2577   0.2606  -0.7046  -0.2290  -0.4086
 -1.8054   0.2093   0.2238  -0.5434  -0.2525  -0.5569
 -1.4312   0.3023   0.3353  -0.6213   0.0744  -0.3825
 -1.6120   0.2165   0.3852  -0.4057  -0.0131  -0.5054
 -1.6262   0.3951   0.3095  -0.8039  -0.0741  -0.4448
 -1.5921   0.2707   0.3330  -0.4566  -0.0387  -0.4878
 -1.5133   0.2958   0.3536  -0.5372   0.0326  -0.4227
 -1.5293   0.2823   0.4021  -0.3746   0.0340  -0.4469
 -1.6012   0.1681   0.3255  -0.8007  -0.0467  -0.4027
