# 3dvolreg -twodup -verbose -tshift 0 -base 166-Mean.nii -maxdisp1D 166-EPI-001-MD1D.txt -1Dfile 166-EPI-001-1D.txt -prefix 166-EPI-001-CoReg.nii 166-EPI-001.nii
# max displacement (mm) for each volume
 12.436
 12.353
 12.195
 12.333
 12.174
 11.362
 9.738
 10.783
 10.835
 10.721
 11.012
 10.822
 11.144
 11.026
 11.347
 11.305
 11.553
 11.624
 11.645
 11.753
 12.193
 12.278
 13.227
 12.880
 12.937
 12.531
 12.766
 12.860
 12.992
 13.030
 13.312
 12.947
 13.093
 12.889
 12.872
 12.853
 12.819
 12.857
 12.971
 12.926
 12.714
 12.787
 12.945
 12.734
 12.549
 12.323
 12.369
 12.455
 12.370
 12.493
 12.705
 12.677
 12.762
 12.658
 12.740
 12.643
 12.852
 12.699
 12.532
 12.471
 12.651
 12.345
 12.458
 12.290
 12.426
 12.378
 12.422
 12.640
 12.576
 12.615
 12.546
 12.592
 12.441
 12.636
 12.551
 12.665
 12.557
 12.774
 12.856
 13.253
 13.234
 13.009
 12.965
 12.948
 13.175
 13.016
 13.209
 12.909
 12.890
 12.636
 12.415
 12.180
 12.202
 12.145
 12.279
 12.319
 12.194
 13.811
 12.189
 11.656
 11.860
 11.343
 7.061
 37.958
 41.268
 39.098
 27.139
 14.442
 9.418
 11.586
 12.118
 11.569
 11.380
 10.923
 10.356
 10.439
 10.765
 10.612
 10.706
 10.917
 11.126
 11.017
 11.038
 11.149
 11.393
 11.205
 11.200
 11.179
 11.213
 10.889
 10.781
 10.627
 10.681
 10.404
 10.463
 10.016
 10.305
 10.102
 10.289
 10.071
 10.344
 10.203
 10.299
 9.098
 4.210
 2.712
 5.062
 4.382
 5.255
 4.939
 4.563
 5.485
 5.717
 6.110
 6.181
 5.775
 4.621
 4.306
 4.606
 4.647
 4.811
 4.715
 4.501
 4.865
 4.685
 4.929
 4.923
 5.160
 4.334
 4.013
 5.927
 4.720
 4.739
 4.340
 4.609
 4.356
 4.674
 4.177
 3.395
 2.278
 1.866
 2.717
 2.143
 2.358
 1.803
 1.808
 1.650
 1.997
 1.644
 2.094
 1.793
 1.919
 1.808
 1.896
 1.693
 1.844
 1.871
 1.880
 1.730
 1.803
 1.668
 1.792
 1.922
 1.912
 1.868
 1.598
 1.740
 1.774
 1.777
 1.826
 1.728
 1.844
 1.716
 1.931
 1.752
 1.895
 1.766
 1.975
 1.686
 2.168
 1.998
 2.132
 1.979
 1.978
 1.946
 1.940
 2.008
 1.892
 1.911
 1.772
 1.862
 1.852
 1.859
 1.870
 1.849
 1.840
 1.924
 1.766
 1.937
 1.748
 1.965
 1.816
 1.973
 1.777
 2.929
 3.210
 3.341
 3.184
 3.034
 3.182
 2.962
 2.598
 3.853
 3.043
 2.241
 1.900
 1.643
 1.884
 1.674
 1.811
 1.711
 1.721
 1.659
 1.833
 1.654
 1.869
 1.652
 1.692
 1.489
 1.547
 1.533
 1.265
 1.368
 1.623
 1.517
 1.590
 1.657
 1.664
 2.537
 3.357
 4.032
 3.638
 4.644
 4.892
 4.957
 4.045
 3.755
 3.524
 3.553
 3.366
 3.278
 3.292
 3.373
 2.707
 2.993
 3.149
 2.923
 2.821
 2.851
 2.966
